$ANSIBLE_VAULT;1.1;AES256
31306635643832633937643462626234656562353937613537316635343839393333343933653964
6437316161633330373437333039313838646434653363630a373134356436636238636438663262
65303238316332646232333439343231393132633830616134336337643263623732633562323532
6539383065663734660a616635383337396261646232666261373939303161393963633535333736
31383966666230343166616361323835353135633031343064326562386635613964393839636535
33383866313735386162326637616661323464666461393137366433383864363637323131363332
34393335643666636436363639343633396662663366396136346139633364323039393865663761
32636536356137376266386562623062383834623362316230383361373637393631643437663630
38636338633262326665643332353366333635356532343161663862643939613938616266323562
33633339666661616563366462316361333337393664376539356636323830303931623036636661
62386364633935363533626364396661383139666363366661396561396434373838393462393162
66313465393236303733333135336462323232356265323132623831633933303764363464613639
34316135653335376230363036356234353264653363343533326264313265323335633931636532
65623530386236316138643366663337663565616465373762353538333732656537346434323564
30613665343037663536636437303866623235323465396231346535343530333866636264363335
37643566326661626539303034346364323431623734633930376364336434643739383032653231
39396232623735306237633266353964633466663234366235343237306133643464653631366666
33323766653338613264383566623838376235333536636338616632333938653463326263643866
64306562393838313462386165336566303238633365363165363638663465303434306266303532
65386433326630383135616538636430636634316133653865336530613237373065316634643562
62366331623565326431323431386131616233636333343936616266626364363439343038626466
35626364366336363364383465336363383264663365376135313466623431353739383135376333
38666263643537663861376238386330346430636664356632366134333032656238653866343138
62373839613465313563643836616666366539393839386237653966656333343565663836313233
66353663653465376332396264396466306638363932633837623537316563613736
